2,771
483,770
502,769
722,768
3,767
484,766
503,765
723,764
4,763
485,762
504,761
724,760
5,759
486,758
505,757
725,756
6,755
487,754
506,753
726,752
7,751
488,750
507,749
727,748
8,747
489,746
508,745
728,744
9,743
490,742
509,741
729,740
10,739
491,738
510,737
730,736
11,735
492,734
511,733
731,732
12,731
493,730
512,729
732,728
13,727
494,726
513,725
733,724
14,723
495,722
514,551
734,550
15,549
496,548
515,547
735,546
16,545
497,544
516,543
736,542
17,541
498,540
517,539
737,538
18,537
499,536
518,535
738,534
19,533
500,532
519,532
739,531
20,531
501,530
520,530
740,529
21,529
502,528
521,528
741,527
22,527
503,526
522,526
742,525
23,525
504,524
523,524
743,523
24,523
505,522
524,522
744,521
25,521
506,520
525,520
745,519
26,519
507,518
526,518
746,517
27,517
508,516
527,516
747,515
28,515
509,514
528,514
748,513
29,513
510,512
529,512
749,511
30,511
511,510
530,510
750,509
31,509
512,508
531,508
751,507
32,507
513,506
532,506
752,505
33,505
514,504
533,504
753,503
34,503
515,502
534,502
754,501
35,500
516,499
535,498
755,497
36,496
517,495
536,494
756,493
37,492
518,491
537,490
757,489
38,488
519,487
538,486
758,485
39,484
520,483
539,51
759,50
40,49
521,48
540,47
760,46
41,45
522,44
541,43
761,42
42,41
523,40
542,39
762,38
43,37
524,36
543,35
763,34
44,33
525,32
544,31
764,30
45,29
526,28
545,27
765,26
46,25
527,24
546,23
766,22
47,21
528,20
547,19
767,18
48,17
529,16
548,15
768,14
49,13
530,12
549,11
769,10
50,9
531,8
550,7
770,6
51,5
532,4
551,3
771,2
