1,2,7710,987654321,771,987654122
2,483,32,987654320,770,987654126
3,502,31,987654319,769,987654130
4,722,21,987654318,768,987654134
5,3,5113,987654317,767,987654138
6,484,32,987654316,766,987654142
7,503,30,987654315,765,987654146
8,723,21,987654314,764,987654150
9,4,3815,987654313,763,987654154
10,485,31,987654312,762,987654158
11,504,30,987654311,761,987654162
12,724,21,987654310,760,987654166
13,5,3036,987654309,759,987654170
14,486,31,987654308,758,987654174
15,505,30,987654307,757,987654178
16,725,21,987654306,756,987654182
17,6,2517,987654305,755,987654186
18,487,31,987654304,754,987654190
19,506,30,987654303,753,987654194
20,726,21,987654302,752,987654198
21,7,2146,987654301,751,987654202
22,488,31,987654300,750,987654206
23,507,30,987654299,749,987654210
24,727,21,987654298,748,987654214
25,8,1868,987654297,747,987654218
26,489,31,987654296,746,987654222
27,508,29,987654295,745,987654226
28,728,20,987654294,744,987654230
29,9,1651,987654293,743,987654234
30,490,30,987654292,742,987654238
31,509,29,987654291,741,987654242
32,729,20,987654290,740,987654246
33,10,1478,987654289,739,987654250
34,491,30,987654288,738,987654254
35,510,29,987654287,737,987654258
36,730,20,987654286,736,987654262
37,11,1336,987654285,735,987654266
38,492,30,987654284,734,987654270
39,511,29,987654283,733,987654274
40,731,20,987654282,732,987654278
41,12,1218,987654281,731,987654282
42,493,30,987654280,730,987654286
43,512,28,987654279,729,987654290
44,732,20,987654278,728,987654294
45,13,1118,987654277,727,987654298
46,494,29,987654276,726,987654302
47,513,28,987654275,725,987654306
48,733,20,987654274,724,987654310
49,14,1033,987654273,723,987654314
50,495,29,987654272,722,987654318
51,514,21,987654271,551,987654123
52,734,15,987654270,550,987654127
53,15,732,987654269,549,987654131
54,496,22,987654268,548,987654135
55,515,21,987654267,547,987654139
56,735,15,987654266,546,987654143
57,16,681,987654265,545,987654147
58,497,22,987654264,544,987654151
59,516,21,987654263,543,987654155
60,736,15,987654262,542,987654159
61,17,636,987654261,541,987654163
62,498,22,987654260,540,987654167
63,517,21,987654259,539,987654171
64,737,15,987654258,538,987654175
65,18,597,987654257,537,987654179
66,499,21,987654256,536,987654183
67,518,21,987654255,535,987654187
68,738,14,987654254,534,987654191
69,19,561,987654253,533,987654195
70,500,21,987654252,532,987654199
71,519,21,987654251,532,987654124
72,739,14,987654250,531,987654203
73,20,531,987654249,531,987654128
74,501,21,987654248,530,987654207
75,520,20,987654247,530,987654132
76,740,14,987654246,529,987654211
77,21,504,987654245,529,987654136
78,502,21,987654244,528,987654215
79,521,20,987654243,528,987654140
80,741,14,987654242,527,987654219
81,22,479,987654241,527,987654144
82,503,21,987654240,526,987654223
83,522,20,987654239,526,987654148
84,742,14,987654238,525,987654227
85,23,457,987654237,525,987654152
86,504,21,987654236,524,987654231
87,523,20,987654235,524,987654156
88,743,14,987654234,523,987654235
89,24,436,987654233,523,987654160
90,505,21,987654232,522,987654239
91,524,20,987654231,522,987654164
92,744,14,987654230,521,987654243
93,25,417,987654229,521,987654168
94,506,21,987654228,520,987654247
95,525,20,987654227,520,987654172
96,745,14,987654226,519,987654251
97,26,399,987654225,519,987654176
98,507,20,987654224,518,987654255
99,526,20,987654223,518,987654180
100,746,14,987654222,517,987654259
101,27,383,987654221,517,987654184
102,508,20,987654220,516,987654263
103,527,20,987654219,516,987654188
104,747,14,987654218,515,987654267
105,28,368,987654217,515,987654192
106,509,20,987654216,514,987654271
107,528,19,987654215,514,987654196
108,748,14,987654214,513,987654275
109,29,354,987654213,513,987654200
110,510,20,987654212,512,987654279
111,529,19,987654211,512,987654204
112,749,14,987654210,511,987654283
113,30,341,987654209,511,987654208
114,511,20,987654208,510,987654287
115,530,19,987654207,510,987654212
116,750,14,987654206,509,987654291
117,31,328,987654205,509,987654216
118,512,20,987654204,508,987654295
119,531,19,987654203,508,987654220
120,751,14,987654202,507,987654299
121,32,317,987654201,507,987654224
122,513,20,987654200,506,987654303
123,532,19,987654199,506,987654228
124,752,13,987654198,505,987654307
125,33,306,987654197,505,987654232
126,514,20,987654196,504,987654311
127,533,19,987654195,504,987654236
128,753,13,987654194,503,987654315
129,34,296,987654193,503,987654240
130,515,19,987654192,502,987654319
131,534,19,987654191,502,987654244
132,754,13,987654190,501,987654248
133,35,286,987654189,500,987654252
134,516,19,987654188,499,987654256
135,535,19,987654187,498,987654260
136,755,13,987654186,497,987654264
137,36,276,987654185,496,987654268
138,517,19,987654184,495,987654272
139,536,18,987654183,494,987654276
140,756,13,987654182,493,987654280
141,37,266,987654181,492,987654284
142,518,19,987654180,491,987654288
143,537,18,987654179,490,987654292
144,757,13,987654178,489,987654296
145,38,257,987654177,488,987654300
146,519,19,987654176,487,987654304
147,538,18,987654175,486,987654308
148,758,13,987654174,485,987654312
149,39,248,987654173,484,987654316
150,520,19,987654172,483,987654320
151,539,2,987654171,51,987654125
152,759,1,987654170,50,987654129
153,40,25,987654169,49,987654133
154,521,2,987654168,48,987654137
155,540,2,987654167,47,987654141
156,760,1,987654166,46,987654145
157,41,22,987654165,45,987654149
158,522,2,987654164,44,987654153
159,541,2,987654163,43,987654157
160,761,1,987654162,42,987654161
161,42,20,987654161,41,987654165
162,523,2,987654160,40,987654169
163,542,1,987654159,39,987654173
164,762,1,987654158,38,987654177
165,43,17,987654157,37,987654181
166,524,1,987654156,36,987654185
167,543,1,987654155,35,987654189
168,763,1,987654154,34,987654193
169,44,15,987654153,33,987654197
170,525,1,987654152,32,987654201
171,544,1,987654151,31,987654205
172,764,1,987654150,30,987654209
173,45,13,987654149,29,987654213
174,526,1,987654148,28,987654217
175,545,1,987654147,27,987654221
176,765,1,987654146,26,987654225
177,46,11,987654145,25,987654229
178,527,1,987654144,24,987654233
179,546,1,987654143,23,987654237
180,766,1,987654142,22,987654241
181,47,9,987654141,21,987654245
182,528,1,987654140,20,987654249
183,547,1,987654139,19,987654253
184,767,0,987654138,18,987654257
185,48,7,987654137,17,987654261
186,529,1,987654136,16,987654265
187,548,1,987654135,15,987654269
188,768,0,987654134,14,987654273
189,49,5,987654133,13,987654277
190,530,0,987654132,12,987654281
191,549,0,987654131,11,987654285
192,769,0,987654130,10,987654289
193,50,4,987654129,9,987654293
194,531,0,987654128,8,987654297
195,550,0,987654127,7,987654301
196,770,0,987654126,6,987654305
197,51,2,987654125,5,987654309
198,532,0,987654124,4,987654313
199,551,0,987654123,3,987654317
200,771,0,987654122,2,987654321
